已寫入 C:\src\anya_trade_app\bingo_ml_predictor\data\bingobingo_history.csv，共 572 期（最舊→最新）。

=== 期號與開獎號碼（最新在前）===

115011571 | 02, 10, 19, 22, 30, 31, 37, 39, 40, 45, 46, 51, 58, 62, 63, 67, 70, 72, 76, 80
115011570 | 02, 10, 19, 22, 30, 31, 37, 39, 40, 45, 46, 51, 58, 62, 63, 67, 70, 72, 76, 80
115011569 | 01, 04, 05, 10, 11, 17, 18, 21, 22, 25, 27, 49, 53, 59, 60, 64, 67, 70, 72, 78
115011568 | 01, 02, 05, 12, 16, 17, 18, 19, 22, 26, 32, 34, 47, 48, 50, 51, 58, 60, 66, 68
115011567 | 03, 04, 05, 17, 19, 23, 25, 26, 28, 39, 40, 43, 44, 49, 53, 56, 57, 59, 63, 73
115011566 | 02, 04, 05, 10, 11, 12, 14, 15, 18, 20, 21, 37, 39, 48, 51, 53, 71, 74, 76, 78
115011565 | 06, 08, 19, 20, 21, 22, 23, 24, 26, 32, 33, 34, 37, 45, 48, 51, 53, 66, 76, 78
115011564 | 02, 03, 15, 16, 18, 21, 27, 40, 42, 47, 49, 54, 57, 58, 63, 64, 65, 66, 72, 80
115011563 | 04, 07, 08, 13, 15, 21, 23, 33, 38, 39, 42, 43, 50, 54, 59, 64, 66, 68, 75, 78
115011562 | 01, 04, 11, 13, 14, 15, 27, 29, 30, 34, 37, 51, 52, 56, 57, 59, 61, 70, 71, 75
115011561 | 04, 05, 09, 12, 14, 22, 31, 36, 40, 42, 47, 49, 52, 56, 62, 63, 69, 71, 75, 78
115011560 | 02, 03, 06, 07, 10, 21, 23, 25, 35, 38, 47, 53, 54, 57, 65, 66, 68, 73, 75, 77
115011559 | 03, 05, 15, 18, 19, 20, 23, 25, 28, 30, 33, 38, 47, 48, 50, 58, 64, 65, 72, 78
115011558 | 05, 07, 08, 13, 17, 20, 21, 23, 25, 31, 33, 34, 36, 41, 42, 43, 54, 63, 74, 76
115011557 | 01, 03, 06, 07, 14, 19, 21, 22, 26, 28, 35, 39, 41, 42, 46, 51, 52, 65, 68, 73
115011556 | 04, 09, 11, 16, 19, 25, 34, 39, 46, 48, 55, 56, 58, 59, 61, 68, 69, 72, 73, 79
115011555 | 04, 09, 14, 18, 19, 26, 29, 32, 44, 46, 51, 56, 59, 60, 61, 66, 68, 71, 72, 74
115011554 | 01, 03, 05, 10, 15, 21, 24, 25, 32, 36, 37, 40, 49, 53, 56, 62, 64, 65, 72, 79
115011553 | 01, 02, 03, 05, 07, 08, 09, 10, 11, 16, 27, 28, 32, 36, 42, 61, 62, 67, 77, 78
115011552 | 05, 08, 10, 11, 16, 17, 18, 19, 21, 25, 26, 29, 30, 35, 38, 41, 51, 68, 78, 79
115011551 | 02, 05, 07, 16, 17, 31, 36, 39, 40, 42, 46, 51, 56, 57, 58, 61, 67, 68, 72, 76
115011550 | 02, 04, 10, 20, 23, 25, 26, 29, 37, 41, 42, 44, 50, 54, 56, 72, 73, 74, 76, 77
115011549 | 07, 11, 12, 25, 27, 30, 38, 40, 44, 47, 50, 56, 61, 62, 63, 65, 66, 76, 77, 78
115011548 | 02, 05, 06, 08, 09, 13, 24, 27, 29, 32, 35, 38, 41, 51, 63, 64, 67, 72, 76, 78
115011547 | 02, 03, 05, 07, 08, 21, 22, 27, 28, 30, 38, 44, 49, 52, 55, 56, 61, 66, 73, 80
115011546 | 03, 04, 07, 08, 09, 10, 15, 17, 24, 36, 37, 41, 42, 46, 47, 51, 55, 57, 75, 80
115011545 | 01, 04, 05, 06, 07, 08, 09, 10, 14, 19, 32, 34, 39, 40, 44, 50, 55, 63, 68, 70
115011544 | 01, 05, 06, 09, 19, 21, 24, 25, 29, 30, 32, 38, 41, 51, 55, 57, 64, 67, 70, 76
115011543 | 06, 07, 10, 12, 21, 23, 27, 30, 32, 33, 37, 38, 39, 45, 51, 56, 67, 68, 72, 77
115011542 | 05, 06, 07, 10, 13, 24, 32, 35, 39, 41, 43, 46, 47, 51, 54, 60, 65, 66, 69, 78
115011541 | 01, 03, 04, 16, 17, 26, 33, 34, 37, 39, 42, 54, 56, 57, 58, 60, 63, 67, 70, 77
115011540 | 01, 03, 06, 09, 12, 14, 17, 24, 25, 40, 45, 47, 48, 49, 52, 53, 60, 66, 68, 69
115011539 | 03, 05, 26, 27, 37, 38, 43, 45, 50, 53, 54, 55, 57, 58, 59, 61, 65, 67, 70, 78
115011538 | 05, 13, 15, 18, 23, 24, 30, 33, 35, 38, 41, 43, 44, 53, 56, 58, 63, 73, 77, 80
115011537 | 01, 05, 10, 26, 27, 33, 34, 41, 44, 50, 51, 55, 57, 59, 68, 70, 71, 72, 73, 75
115011536 | 03, 04, 06, 08, 12, 17, 18, 21, 25, 28, 34, 36, 40, 46, 51, 55, 56, 57, 58, 77
115011535 | 02, 03, 04, 07, 14, 15, 17, 18, 23, 26, 33, 35, 38, 41, 42, 55, 61, 63, 67, 74
115011534 | 05, 08, 14, 17, 23, 24, 27, 29, 34, 41, 43, 46, 50, 52, 55, 57, 58, 69, 70, 80
115011533 | 03, 05, 07, 08, 22, 24, 25, 30, 34, 40, 43, 53, 54, 59, 60, 61, 64, 73, 74, 80
115011532 | 01, 05, 07, 08, 10, 11, 13, 14, 24, 29, 30, 43, 47, 53, 54, 60, 64, 71, 76, 78
115011531 | 01, 02, 03, 04, 05, 15, 26, 28, 31, 37, 38, 40, 44, 46, 59, 61, 63, 66, 67, 69
115011530 | 02, 04, 11, 17, 25, 32, 35, 38, 42, 43, 44, 47, 48, 50, 51, 68, 74, 75, 76, 80
115011529 | 03, 04, 06, 10, 16, 17, 25, 28, 29, 30, 33, 39, 47, 50, 53, 57, 59, 60, 74, 78
115011528 | 05, 14, 16, 21, 25, 32, 34, 39, 46, 52, 56, 57, 59, 61, 63, 64, 68, 71, 73, 75
115011527 | 05, 06, 09, 10, 11, 20, 21, 23, 27, 28, 34, 35, 37, 42, 43, 44, 46, 51, 56, 76
115011526 | 01, 02, 03, 05, 06, 07, 08, 10, 11, 24, 25, 32, 35, 36, 44, 47, 48, 64, 70, 75
115011525 | 01, 02, 03, 04, 07, 08, 09, 11, 15, 22, 24, 32, 37, 45, 46, 52, 62, 66, 69, 71
115011524 | 01, 05, 11, 18, 20, 22, 25, 31, 35, 36, 41, 43, 50, 53, 55, 58, 65, 70, 71, 72
115011523 | 08, 10, 14, 15, 16, 18, 27, 35, 39, 41, 43, 50, 53, 55, 60, 62, 64, 72, 75, 77
115011522 | 04, 05, 10, 11, 20, 22, 25, 30, 32, 36, 39, 46, 48, 54, 55, 57, 58, 60, 64, 75
115011521 | 03, 04, 10, 12, 13, 14, 18, 19, 20, 26, 28, 37, 41, 46, 51, 56, 60, 62, 69, 77
115011520 | 02, 04, 05, 06, 07, 08, 16, 19, 24, 35, 37, 38, 40, 43, 46, 50, 56, 66, 67, 68
115011519 | 08, 10, 14, 22, 25, 26, 35, 37, 40, 45, 46, 50, 52, 53, 55, 56, 59, 67, 71, 79
115011518 | 04, 08, 09, 10, 17, 19, 20, 22, 24, 27, 28, 30, 34, 40, 41, 43, 60, 61, 69, 70
115011517 | 02, 03, 05, 06, 07, 11, 14, 17, 20, 24, 28, 31, 32, 36, 57, 63, 69, 71, 74, 78
115011516 | 02, 03, 04, 06, 08, 10, 12, 27, 36, 39, 41, 47, 49, 51, 59, 60, 64, 73, 75, 79
115011515 | 02, 05, 12, 15, 16, 24, 25, 29, 31, 32, 40, 43, 45, 47, 50, 53, 57, 68, 70, 72
115011514 | 04, 05, 08, 09, 10, 14, 20, 22, 34, 38, 41, 48, 53, 55, 57, 60, 63, 70, 73, 78
115011513 | 02, 09, 13, 15, 26, 30, 31, 33, 34, 35, 36, 43, 46, 52, 54, 61, 62, 64, 74, 80
115011512 | 03, 04, 07, 08, 09, 10, 14, 16, 22, 27, 39, 43, 44, 46, 49, 51, 53, 66, 75, 76
115011511 | 06, 08, 10, 12, 14, 18, 24, 25, 26, 39, 44, 45, 52, 54, 56, 57, 58, 59, 64, 65
115011510 | 02, 03, 09, 11, 22, 24, 27, 31, 34, 35, 41, 47, 49, 55, 56, 65, 67, 69, 75, 78
115011509 | 01, 03, 04, 08, 10, 12, 21, 28, 39, 40, 51, 56, 58, 61, 65, 66, 67, 68, 69, 74
115011508 | 02, 05, 13, 16, 18, 25, 32, 33, 34, 35, 41, 42, 45, 67, 68, 70, 73, 74, 76, 77
115011507 | 03, 09, 10, 12, 16, 22, 26, 31, 32, 34, 42, 44, 53, 58, 66, 67, 70, 73, 74, 77
115011506 | 02, 04, 05, 06, 07, 08, 09, 13, 16, 18, 20, 33, 34, 38, 45, 52, 53, 55, 69, 71
115011505 | 06, 08, 10, 11, 12, 15, 17, 20, 21, 27, 37, 44, 46, 50, 55, 69, 71, 76, 77, 80
115011504 | 02, 06, 18, 19, 25, 29, 31, 32, 34, 38, 43, 45, 46, 49, 51, 53, 56, 60, 62, 70
115011503 | 01, 03, 04, 07, 08, 10, 13, 15, 16, 24, 28, 30, 36, 41, 46, 50, 58, 61, 72, 75
115011502 | 01, 02, 05, 06, 10, 17, 23, 30, 36, 39, 40, 47, 49, 57, 59, 64, 66, 67, 69, 80
115011501 | 03, 06, 09, 12, 15, 17, 22, 23, 24, 33, 39, 43, 51, 52, 56, 59, 63, 66, 72, 75
115011500 | 02, 04, 07, 09, 13, 28, 32, 40, 44, 48, 52, 53, 55, 61, 65, 66, 71, 73, 78, 80
115011499 | 01, 04, 05, 19, 27, 29, 31, 33, 34, 37, 43, 44, 46, 47, 50, 51, 55, 65, 67, 77
115011498 | 04, 06, 07, 14, 15, 19, 21, 23, 27, 30, 40, 43, 49, 50, 63, 66, 67, 70, 72, 73
115011497 | 02, 05, 12, 14, 16, 19, 28, 31, 32, 33, 42, 43, 52, 54, 56, 57, 70, 72, 75, 76
115011496 | 04, 05, 07, 09, 11, 19, 22, 25, 26, 29, 36, 48, 51, 52, 56, 66, 68, 69, 77, 80
115011495 | 01, 02, 04, 06, 07, 09, 13, 18, 21, 32, 36, 42, 48, 51, 53, 54, 55, 70, 74, 78
115011494 | 04, 06, 09, 13, 16, 19, 20, 23, 26, 27, 34, 35, 36, 41, 49, 56, 58, 59, 64, 69
115011493 | 01, 03, 10, 11, 12, 14, 20, 27, 31, 32, 35, 37, 39, 40, 44, 59, 60, 71, 72, 74
115011492 | 04, 05, 08, 15, 20, 26, 28, 33, 36, 38, 39, 41, 42, 44, 45, 47, 48, 55, 64, 75
115011491 | 06, 18, 26, 28, 30, 32, 34, 37, 38, 43, 44, 45, 46, 49, 51, 56, 64, 70, 75, 76
115011490 | 07, 08, 10, 20, 21, 26, 31, 33, 34, 35, 36, 43, 53, 56, 62, 66, 70, 73, 77, 80
115011489 | 01, 03, 04, 07, 09, 12, 13, 14, 17, 23, 32, 36, 38, 39, 46, 50, 52, 61, 65, 72
115011488 | 04, 09, 10, 11, 13, 15, 24, 26, 34, 36, 37, 41, 42, 44, 45, 51, 56, 63, 64, 77
115011487 | 01, 04, 08, 12, 14, 15, 17, 18, 25, 29, 37, 43, 45, 48, 53, 55, 60, 64, 69, 71
115011486 | 01, 04, 05, 10, 16, 18, 19, 21, 23, 29, 33, 35, 44, 47, 51, 53, 54, 58, 64, 77
115011485 | 02, 05, 06, 12, 16, 25, 26, 31, 33, 41, 42, 43, 44, 47, 56, 57, 60, 72, 74, 75
115011484 | 01, 02, 05, 07, 23, 24, 29, 33, 40, 42, 45, 46, 55, 58, 66, 68, 69, 75, 76, 77
115011483 | 03, 04, 06, 11, 20, 22, 25, 26, 27, 31, 37, 41, 42, 43, 54, 64, 67, 68, 77, 78
115011482 | 04, 05, 16, 20, 23, 31, 34, 36, 38, 39, 46, 47, 48, 58, 59, 66, 67, 76, 78, 80
115011481 | 01, 03, 06, 11, 12, 13, 14, 19, 22, 29, 34, 37, 41, 42, 45, 49, 68, 69, 73, 77
115011480 | 05, 09, 13, 14, 16, 18, 23, 24, 31, 32, 39, 42, 52, 56, 57, 63, 65, 71, 72, 79
115011479 | 01, 04, 08, 10, 22, 24, 25, 29, 30, 32, 35, 40, 44, 48, 58, 60, 63, 71, 73, 76
115011478 | 01, 04, 07, 08, 09, 16, 18, 29, 33, 37, 46, 48, 50, 53, 56, 57, 64, 68, 69, 70
115011477 | 03, 05, 06, 10, 11, 15, 16, 21, 23, 26, 33, 36, 40, 58, 62, 66, 68, 69, 70, 76
115011476 | 07, 13, 26, 34, 35, 36, 37, 40, 42, 49, 50, 56, 57, 58, 59, 62, 66, 69, 71, 73
115011475 | 02, 04, 08, 12, 16, 17, 18, 21, 33, 37, 38, 41, 42, 52, 53, 54, 56, 58, 65, 74
115011474 | 01, 02, 06, 11, 16, 24, 29, 46, 48, 49, 53, 54, 56, 57, 59, 60, 64, 65, 67, 79
115011473 | 01, 02, 04, 06, 07, 10, 22, 24, 31, 35, 37, 38, 46, 51, 53, 66, 69, 72, 74, 76
115011472 | 06, 07, 10, 12, 17, 27, 32, 33, 39, 51, 54, 59, 63, 64, 67, 71, 72, 74, 76, 79
115011471 | 05, 11, 16, 17, 22, 31, 33, 34, 35, 41, 47, 49, 50, 52, 56, 63, 64, 70, 71, 75
115011470 | 02, 04, 05, 06, 08, 10, 15, 27, 29, 30, 35, 41, 43, 45, 57, 63, 68, 69, 71, 80
115011469 | 05, 08, 10, 12, 21, 24, 25, 27, 29, 32, 36, 56, 57, 60, 62, 67, 70, 72, 73, 80
115011468 | 02, 09, 10, 11, 12, 15, 16, 27, 29, 32, 41, 45, 46, 48, 52, 57, 60, 75, 76, 79
115011467 | 05, 06, 08, 11, 12, 19, 27, 29, 31, 36, 43, 44, 55, 60, 61, 63, 66, 76, 78, 79
115011466 | 02, 03, 04, 17, 19, 28, 29, 35, 36, 37, 38, 39, 45, 46, 56, 58, 66, 74, 76, 77
115011465 | 03, 05, 06, 15, 20, 21, 23, 33, 36, 37, 38, 39, 41, 44, 61, 65, 67, 70, 73, 74
115011464 | 04, 06, 11, 12, 14, 15, 16, 20, 23, 32, 35, 42, 44, 48, 49, 50, 53, 62, 64, 78
115011463 | 01, 04, 05, 08, 10, 11, 12, 16, 27, 34, 38, 42, 47, 54, 56, 65, 67, 68, 74, 78
115011462 | 04, 05, 19, 22, 26, 27, 34, 37, 39, 46, 49, 50, 51, 52, 54, 57, 58, 59, 63, 66
115011461 | 06, 09, 17, 18, 21, 22, 29, 37, 38, 50, 51, 58, 61, 64, 65, 67, 70, 71, 77, 78
115011460 | 01, 02, 04, 05, 13, 16, 19, 20, 26, 29, 31, 40, 43, 50, 57, 65, 66, 67, 69, 80
115011459 | 01, 05, 06, 07, 10, 13, 19, 20, 25, 28, 39, 45, 57, 59, 61, 63, 70, 72, 73, 76
115011458 | 01, 05, 17, 23, 28, 34, 38, 42, 45, 47, 50, 51, 52, 56, 62, 63, 65, 77, 78, 80
115011457 | 02, 04, 08, 11, 12, 14, 15, 16, 25, 27, 29, 39, 43, 44, 56, 59, 65, 66, 74, 78
115011456 | 04, 05, 07, 14, 20, 21, 23, 25, 26, 28, 32, 34, 35, 39, 43, 45, 47, 50, 57, 58
115011455 | 03, 11, 13, 18, 20, 24, 27, 30, 36, 40, 42, 43, 49, 51, 52, 53, 56, 58, 71, 72
115011454 | 01, 07, 11, 13, 23, 25, 27, 29, 37, 42, 44, 47, 52, 53, 55, 58, 62, 66, 70, 79
115011453 | 03, 06, 07, 11, 13, 21, 25, 32, 33, 35, 39, 40, 43, 49, 54, 56, 58, 59, 61, 62
115011452 | 01, 03, 06, 08, 12, 15, 18, 19, 22, 27, 38, 41, 43, 46, 47, 50, 58, 62, 64, 78
115011451 | 04, 10, 14, 17, 18, 24, 25, 30, 35, 36, 44, 46, 48, 49, 50, 62, 67, 71, 72, 77
115011450 | 01, 05, 08, 14, 15, 32, 33, 43, 47, 49, 53, 54, 55, 57, 62, 63, 64, 67, 72, 76
115011449 | 01, 05, 08, 09, 19, 22, 30, 33, 34, 42, 43, 44, 45, 47, 59, 61, 64, 76, 77, 80
115011448 | 03, 04, 05, 08, 10, 12, 13, 15, 17, 18, 23, 29, 30, 35, 51, 62, 64, 70, 72, 77
115011447 | 03, 10, 11, 14, 22, 23, 24, 30, 33, 36, 40, 48, 52, 54, 58, 59, 63, 69, 76, 80
115011446 | 04, 06, 10, 13, 16, 24, 28, 31, 32, 37, 38, 44, 48, 53, 61, 62, 65, 67, 78, 79
115011445 | 04, 05, 13, 15, 16, 27, 33, 35, 46, 47, 50, 53, 54, 56, 57, 61, 69, 76, 78, 79
115011444 | 01, 03, 06, 13, 16, 19, 22, 25, 26, 29, 35, 36, 38, 40, 43, 55, 71, 72, 74, 80
115011443 | 05, 09, 13, 14, 27, 28, 33, 37, 38, 39, 40, 46, 49, 50, 51, 58, 65, 70, 76, 79
115011442 | 01, 04, 05, 12, 15, 26, 27, 32, 37, 39, 54, 62, 63, 68, 69, 70, 71, 74, 76, 78
115011441 | 02, 06, 08, 09, 13, 19, 21, 27, 30, 31, 35, 36, 38, 40, 45, 49, 51, 56, 57, 61
115011440 | 04, 06, 10, 11, 17, 20, 30, 32, 37, 38, 42, 61, 63, 64, 65, 66, 68, 69, 70, 72
115011439 | 03, 05, 08, 13, 18, 20, 22, 23, 25, 28, 33, 35, 41, 46, 47, 48, 51, 55, 61, 63
115011438 | 01, 03, 04, 07, 10, 13, 20, 21, 22, 25, 30, 39, 49, 55, 56, 57, 61, 67, 71, 75
115011437 | 01, 04, 06, 07, 10, 22, 27, 28, 35, 36, 42, 47, 50, 60, 63, 65, 66, 67, 70, 80
115011436 | 03, 07, 13, 14, 19, 22, 25, 28, 38, 42, 43, 47, 53, 55, 57, 59, 65, 67, 71, 79
115011435 | 03, 07, 08, 11, 13, 15, 20, 23, 32, 36, 39, 46, 50, 56, 60, 62, 64, 68, 70, 78
115011434 | 06, 09, 14, 21, 22, 32, 35, 36, 52, 60, 62, 63, 64, 65, 66, 68, 72, 74, 78, 79
115011433 | 06, 08, 11, 12, 16, 22, 27, 30, 35, 38, 52, 54, 56, 58, 65, 66, 68, 73, 78, 80
115011432 | 03, 04, 05, 06, 11, 15, 24, 35, 41, 44, 46, 49, 50, 51, 56, 59, 64, 71, 77, 80
115011431 | 02, 12, 13, 14, 26, 27, 34, 37, 43, 44, 45, 52, 53, 56, 58, 65, 70, 72, 73, 76
115011430 | 04, 07, 08, 09, 16, 19, 24, 30, 35, 40, 41, 45, 50, 56, 60, 71, 72, 73, 74, 79
115011429 | 01, 06, 08, 10, 21, 24, 34, 39, 41, 46, 47, 50, 58, 60, 62, 68, 69, 72, 75, 76
115011428 | 04, 06, 10, 12, 13, 15, 16, 22, 28, 31, 35, 41, 48, 49, 50, 56, 57, 58, 64, 65
115011427 | 03, 07, 10, 17, 19, 23, 26, 29, 30, 31, 35, 38, 45, 47, 51, 55, 62, 66, 72, 73
115011426 | 04, 05, 10, 12, 13, 21, 27, 28, 31, 32, 33, 34, 39, 44, 45, 52, 63, 65, 67, 74
115011425 | 05, 12, 13, 14, 16, 17, 21, 27, 30, 34, 47, 48, 49, 57, 58, 59, 64, 71, 72, 79
115011424 | 04, 05, 18, 19, 22, 24, 31, 37, 38, 46, 48, 51, 53, 57, 63, 64, 65, 73, 77, 80
115011423 | 01, 04, 08, 09, 18, 20, 21, 24, 31, 37, 41, 42, 46, 47, 48, 49, 69, 70, 72, 80
115011422 | 01, 03, 05, 16, 17, 23, 25, 27, 30, 43, 44, 46, 49, 51, 52, 53, 57, 68, 75, 76
115011421 | 03, 07, 15, 25, 26, 29, 31, 32, 34, 35, 41, 44, 45, 48, 55, 56, 67, 69, 76, 79
115011420 | 02, 03, 04, 06, 21, 27, 33, 36, 45, 51, 52, 55, 57, 59, 62, 66, 68, 69, 71, 78
115011419 | 03, 12, 15, 16, 18, 22, 24, 27, 36, 37, 44, 49, 50, 58, 64, 72, 74, 75, 76, 79
115011418 | 03, 04, 08, 10, 19, 23, 25, 26, 33, 34, 46, 50, 52, 53, 61, 62, 67, 70, 73, 74
115011417 | 04, 07, 12, 14, 19, 25, 29, 31, 34, 35, 39, 45, 46, 48, 51, 55, 69, 72, 73, 79
115011416 | 01, 05, 09, 16, 19, 21, 24, 30, 33, 35, 37, 40, 42, 51, 52, 55, 56, 65, 79, 80
115011415 | 07, 12, 16, 17, 21, 22, 27, 30, 41, 43, 45, 46, 47, 48, 54, 55, 63, 68, 71, 72
115011414 | 06, 07, 08, 12, 21, 23, 25, 27, 31, 35, 38, 39, 45, 48, 50, 55, 64, 68, 71, 72
115011413 | 04, 05, 14, 15, 16, 25, 28, 31, 33, 37, 39, 52, 54, 56, 57, 61, 63, 68, 69, 75
115011412 | 03, 04, 06, 16, 22, 30, 31, 38, 41, 45, 48, 50, 51, 56, 57, 61, 64, 65, 66, 71
115011411 | 01, 04, 05, 06, 09, 12, 22, 25, 30, 31, 33, 39, 41, 43, 51, 52, 56, 71, 72, 73
115011410 | 05, 07, 10, 12, 14, 25, 26, 30, 36, 44, 49, 50, 51, 52, 56, 57, 59, 63, 67, 75
115011409 | 01, 05, 10, 14, 19, 24, 26, 28, 38, 39, 41, 46, 49, 52, 53, 60, 68, 71, 72, 79
115011408 | 03, 07, 10, 19, 20, 23, 28, 30, 36, 39, 44, 53, 54, 68, 69, 73, 75, 76, 77, 80
115011407 | 05, 08, 09, 15, 18, 22, 27, 29, 30, 32, 33, 34, 38, 41, 45, 53, 54, 60, 78, 79
115011406 | 03, 08, 09, 18, 25, 30, 34, 35, 36, 37, 38, 40, 43, 52, 61, 67, 69, 72, 76, 77
115011405 | 02, 04, 05, 10, 15, 17, 21, 22, 23, 24, 31, 36, 40, 42, 43, 47, 49, 50, 52, 59
115011404 | 05, 13, 22, 23, 24, 27, 31, 35, 39, 46, 53, 55, 57, 62, 64, 66, 67, 72, 75, 76
115011403 | 05, 11, 12, 14, 15, 16, 22, 24, 25, 29, 36, 44, 45, 62, 63, 64, 69, 70, 72, 80
115011402 | 02, 04, 06, 12, 13, 15, 16, 18, 19, 21, 28, 31, 33, 55, 60, 62, 64, 65, 74, 79
115011401 | 05, 11, 15, 17, 18, 19, 20, 22, 25, 29, 46, 47, 51, 52, 53, 55, 63, 73, 76, 79
115011400 | 04, 06, 14, 29, 37, 38, 40, 44, 48, 51, 54, 56, 64, 65, 68, 70, 72, 74, 75, 76
115011399 | 06, 08, 10, 11, 23, 24, 25, 27, 33, 37, 43, 45, 50, 52, 58, 63, 70, 75, 78, 80
115011398 | 02, 03, 07, 23, 36, 37, 40, 42, 43, 46, 50, 62, 64, 67, 68, 70, 71, 73, 75, 76
115011397 | 05, 07, 09, 10, 12, 18, 21, 28, 31, 36, 42, 49, 51, 52, 58, 62, 63, 65, 67, 76
115011396 | 03, 04, 12, 14, 15, 18, 26, 32, 33, 36, 38, 41, 43, 54, 63, 66, 68, 69, 74, 77
115011395 | 04, 05, 07, 08, 10, 16, 18, 24, 34, 39, 41, 43, 44, 46, 47, 56, 64, 76, 77, 79
115011394 | 03, 04, 08, 12, 18, 19, 24, 30, 34, 35, 36, 43, 44, 46, 49, 50, 54, 65, 68, 69
115011393 | 02, 03, 04, 14, 15, 17, 21, 23, 27, 30, 31, 32, 34, 37, 48, 56, 58, 70, 71, 79
115011392 | 05, 06, 10, 16, 19, 20, 25, 26, 31, 32, 37, 41, 43, 50, 54, 56, 76, 77, 79, 80
115011391 | 02, 04, 10, 11, 13, 25, 27, 31, 33, 34, 40, 41, 48, 53, 63, 64, 65, 66, 68, 69
115011390 | 02, 05, 07, 16, 20, 27, 28, 33, 39, 40, 42, 43, 45, 48, 49, 68, 69, 70, 73, 79
115011389 | 04, 05, 07, 08, 13, 14, 18, 19, 21, 23, 34, 36, 39, 48, 58, 60, 62, 68, 74, 80
115011388 | 03, 05, 06, 07, 09, 17, 18, 26, 30, 36, 37, 38, 41, 54, 55, 57, 58, 71, 75, 79
115011387 | 02, 05, 08, 16, 18, 24, 25, 30, 34, 35, 40, 43, 46, 47, 49, 50, 55, 62, 64, 80
115011386 | 02, 03, 06, 09, 10, 18, 22, 25, 29, 32, 36, 46, 59, 61, 71, 72, 73, 75, 78, 79
115011385 | 03, 06, 07, 10, 11, 13, 16, 17, 22, 26, 29, 39, 40, 47, 53, 59, 62, 65, 66, 74
115011384 | 04, 05, 09, 10, 15, 16, 17, 18, 21, 23, 25, 31, 41, 48, 52, 66, 68, 73, 79, 80
115011383 | 01, 04, 06, 12, 17, 24, 25, 26, 29, 32, 33, 36, 38, 39, 46, 48, 51, 65, 69, 75
115011382 | 02, 03, 06, 10, 11, 18, 19, 26, 28, 34, 38, 42, 43, 46, 49, 51, 58, 63, 65, 79
115011381 | 03, 04, 05, 12, 16, 27, 32, 35, 37, 39, 46, 51, 52, 53, 57, 59, 64, 65, 75, 78
115011380 | 03, 04, 06, 07, 08, 10, 14, 17, 18, 28, 32, 40, 43, 46, 55, 57, 62, 69, 74, 77
115011379 | 01, 03, 05, 15, 17, 22, 29, 32, 33, 37, 39, 41, 44, 45, 51, 62, 64, 69, 72, 76
115011378 | 02, 05, 09, 11, 13, 14, 17, 20, 22, 31, 33, 34, 49, 53, 60, 63, 77, 78, 79, 80
115011377 | 06, 09, 15, 18, 24, 30, 31, 33, 39, 41, 43, 46, 48, 50, 62, 63, 69, 70, 75, 76
115011376 | 05, 08, 13, 25, 28, 33, 34, 36, 38, 39, 40, 43, 51, 58, 63, 67, 68, 75, 76, 78
115011375 | 01, 02, 04, 06, 07, 08, 11, 20, 29, 33, 35, 38, 53, 57, 60, 63, 64, 67, 77, 80
115011374 | 03, 04, 21, 26, 28, 30, 40, 44, 48, 49, 51, 52, 53, 55, 61, 63, 70, 71, 74, 77
115011373 | 02, 03, 06, 08, 13, 22, 27, 34, 35, 37, 53, 58, 59, 61, 62, 63, 64, 66, 71, 75
115011372 | 07, 10, 13, 16, 17, 20, 29, 30, 36, 43, 44, 45, 47, 56, 57, 61, 62, 63, 66, 79
115011371 | 02, 04, 07, 08, 10, 16, 18, 19, 37, 47, 48, 52, 56, 60, 61, 65, 66, 75, 77, 79
115011370 | 01, 02, 05, 07, 13, 20, 21, 22, 24, 30, 32, 34, 37, 42, 47, 53, 54, 56, 57, 70
115011369 | 01, 03, 05, 08, 11, 12, 13, 19, 21, 32, 44, 45, 49, 58, 66, 67, 68, 70, 78, 80
115011368 | 08, 09, 10, 13, 14, 17, 19, 25, 30, 31, 34, 39, 47, 52, 53, 54, 65, 68, 69, 73
115011367 | 08, 09, 10, 13, 14, 17, 19, 25, 30, 31, 34, 39, 47, 52, 53, 54, 65, 68, 69, 73
115011366 | 07, 08, 15, 18, 22, 30, 33, 34, 37, 50, 52, 54, 56, 57, 64, 65, 67, 69, 70, 74
115011365 | 02, 04, 05, 10, 14, 15, 19, 23, 24, 36, 37, 44, 45, 50, 51, 53, 58, 70, 76, 77
115011364 | 02, 06, 07, 08, 17, 19, 23, 32, 35, 36, 38, 44, 47, 49, 50, 53, 58, 61, 64, 66
115011363 | 04, 09, 10, 11, 13, 21, 32, 38, 40, 43, 44, 46, 48, 49, 55, 59, 69, 72, 73, 76
115011362 | 01, 08, 09, 20, 22, 29, 37, 38, 41, 43, 45, 46, 48, 54, 55, 59, 61, 64, 76, 79
115011361 | 01, 07, 09, 11, 32, 36, 40, 42, 43, 46, 49, 50, 54, 55, 62, 66, 71, 72, 77, 80
115011360 | 01, 05, 06, 10, 12, 17, 20, 22, 23, 27, 32, 37, 54, 55, 58, 62, 68, 69, 78, 80
115011359 | 03, 04, 05, 08, 10, 14, 16, 23, 28, 34, 41, 47, 50, 51, 57, 60, 61, 70, 75, 77
115011358 | 04, 05, 09, 10, 12, 13, 15, 22, 24, 27, 33, 34, 52, 53, 62, 64, 65, 66, 75, 79
115011357 | 02, 04, 06, 07, 08, 09, 12, 22, 26, 27, 39, 44, 45, 49, 50, 52, 62, 71, 74, 78
115011356 | 06, 07, 08, 10, 13, 16, 19, 26, 27, 29, 32, 36, 41, 50, 59, 61, 63, 69, 70, 72
115011355 | 03, 07, 10, 20, 24, 27, 31, 32, 34, 38, 52, 53, 61, 62, 63, 65, 69, 70, 73, 74
115011354 | 09, 17, 18, 20, 22, 25, 31, 34, 35, 38, 39, 46, 48, 56, 59, 62, 63, 65, 69, 78
115011353 | 04, 05, 11, 18, 22, 26, 27, 36, 45, 51, 52, 57, 58, 59, 61, 64, 68, 71, 75, 78
115011352 | 01, 03, 05, 10, 12, 16, 17, 18, 25, 26, 30, 31, 32, 38, 40, 46, 50, 72, 75, 78
115011351 | 01, 05, 06, 07, 10, 11, 13, 23, 31, 39, 41, 45, 54, 56, 57, 59, 60, 67, 69, 79
115011350 | 03, 05, 13, 14, 18, 20, 21, 24, 33, 35, 40, 45, 53, 59, 63, 67, 72, 74, 75, 79
115011349 | 02, 03, 06, 22, 30, 34, 35, 38, 39, 41, 42, 44, 47, 51, 53, 54, 55, 56, 57, 78
115011348 | 05, 08, 09, 13, 17, 27, 30, 31, 32, 37, 38, 39, 41, 42, 45, 51, 53, 54, 73, 76
115011347 | 06, 09, 10, 12, 25, 31, 32, 33, 39, 52, 54, 55, 56, 58, 60, 64, 69, 70, 76, 78
115011346 | 01, 05, 06, 10, 13, 19, 24, 27, 28, 45, 52, 54, 59, 60, 61, 62, 65, 66, 78, 79
115011345 | 03, 04, 05, 12, 16, 26, 27, 31, 32, 34, 42, 43, 44, 46, 48, 50, 61, 69, 77, 78
115011344 | 02, 03, 10, 11, 19, 22, 24, 28, 32, 37, 41, 45, 51, 52, 58, 60, 62, 64, 71, 79
115011343 | 04, 08, 11, 12, 19, 20, 29, 34, 35, 39, 42, 43, 44, 48, 49, 62, 64, 66, 67, 69
115011342 | 01, 03, 04, 09, 10, 12, 17, 19, 24, 25, 33, 34, 40, 47, 55, 58, 63, 67, 75, 76
115011341 | 04, 13, 14, 17, 25, 28, 37, 41, 43, 48, 49, 51, 52, 56, 57, 61, 63, 66, 69, 70
115011340 | 03, 07, 09, 17, 25, 29, 30, 32, 34, 36, 37, 52, 58, 63, 68, 69, 72, 74, 79, 80
115011339 | 02, 04, 06, 07, 08, 11, 12, 35, 37, 38, 39, 53, 54, 60, 63, 71, 74, 75, 76, 79
115011338 | 06, 07, 15, 18, 24, 34, 42, 43, 44, 48, 49, 52, 55, 56, 57, 59, 60, 66, 70, 78
115011337 | 02, 05, 08, 11, 12, 20, 25, 32, 37, 40, 43, 45, 48, 56, 57, 60, 62, 65, 69, 70
115011336 | 02, 03, 05, 13, 15, 16, 24, 27, 28, 29, 31, 33, 34, 35, 38, 39, 45, 49, 55, 71
115011335 | 01, 04, 05, 08, 14, 15, 18, 21, 27, 34, 41, 43, 45, 46, 49, 53, 58, 59, 60, 78
115011334 | 05, 06, 07, 09, 15, 17, 20, 21, 29, 32, 34, 45, 49, 50, 52, 59, 63, 67, 68, 75
115011333 | 04, 08, 14, 17, 20, 23, 27, 38, 41, 47, 49, 50, 51, 55, 56, 58, 62, 64, 65, 76
115011332 | 02, 05, 15, 21, 23, 30, 34, 37, 38, 39, 48, 53, 55, 57, 58, 61, 64, 66, 75, 78
115011331 | 01, 03, 05, 08, 09, 10, 14, 20, 23, 24, 25, 28, 29, 39, 42, 50, 60, 68, 71, 80
115011330 | 02, 03, 06, 16, 25, 28, 35, 39, 41, 50, 51, 57, 58, 63, 70, 72, 74, 75, 78, 79
115011329 | 05, 06, 07, 08, 14, 16, 26, 35, 36, 39, 40, 47, 48, 52, 56, 58, 60, 77, 78, 79
115011328 | 04, 07, 19, 21, 25, 29, 34, 36, 40, 43, 46, 48, 54, 56, 60, 62, 65, 68, 72, 80
115011327 | 07, 15, 20, 21, 22, 26, 27, 31, 36, 37, 40, 42, 48, 49, 52, 53, 60, 70, 73, 74
115011326 | 03, 06, 08, 13, 28, 29, 32, 33, 39, 41, 42, 51, 59, 60, 66, 69, 70, 71, 74, 77
115011325 | 04, 06, 11, 22, 23, 27, 30, 34, 36, 44, 46, 48, 53, 56, 57, 72, 75, 76, 77, 80
115011324 | 03, 04, 06, 13, 14, 17, 22, 24, 34, 36, 37, 38, 41, 48, 51, 53, 61, 62, 67, 76
115011323 | 03, 06, 15, 19, 21, 32, 33, 34, 37, 41, 47, 50, 54, 55, 63, 65, 66, 67, 70, 78
115011322 | 01, 04, 06, 07, 12, 14, 16, 17, 19, 22, 27, 30, 32, 42, 43, 47, 57, 69, 75, 77
115011321 | 01, 04, 05, 06, 08, 10, 15, 17, 24, 26, 27, 35, 39, 49, 55, 70, 72, 73, 78, 79
115011320 | 01, 03, 04, 12, 21, 23, 26, 37, 38, 42, 48, 52, 53, 67, 68, 71, 74, 75, 77, 80
115011319 | 05, 08, 15, 16, 18, 22, 29, 36, 37, 40, 42, 43, 55, 59, 62, 64, 67, 70, 71, 73
115011318 | 04, 05, 06, 11, 12, 17, 19, 23, 24, 28, 29, 32, 40, 43, 55, 69, 72, 76, 77, 80
115011317 | 06, 10, 12, 20, 23, 25, 29, 30, 31, 34, 36, 37, 41, 60, 65, 69, 70, 71, 72, 73
115011316 | 02, 05, 06, 08, 14, 26, 27, 30, 34, 43, 50, 51, 58, 64, 65, 66, 67, 68, 70, 80
115011315 | 02, 03, 04, 16, 19, 21, 28, 29, 30, 32, 37, 39, 47, 49, 54, 55, 60, 61, 73, 77
115011314 | 03, 04, 06, 07, 10, 15, 16, 18, 24, 25, 28, 29, 37, 38, 48, 50, 52, 64, 65, 80
115011313 | 02, 20, 26, 33, 35, 37, 39, 42, 46, 47, 49, 53, 59, 60, 61, 63, 65, 66, 75, 78
115011312 | 05, 07, 08, 10, 12, 19, 20, 26, 32, 43, 44, 46, 52, 53, 59, 67, 74, 76, 78, 80
115011311 | 02, 04, 05, 07, 08, 17, 29, 32, 35, 41, 47, 50, 51, 55, 63, 64, 65, 71, 74, 76
115011310 | 02, 07, 10, 11, 13, 17, 20, 22, 27, 32, 34, 35, 40, 58, 63, 64, 70, 72, 74, 80
115011309 | 05, 13, 15, 16, 17, 24, 25, 28, 29, 31, 32, 33, 44, 47, 64, 67, 72, 74, 78, 80
115011308 | 03, 05, 06, 09, 16, 19, 21, 29, 40, 41, 43, 44, 50, 52, 53, 56, 57, 62, 71, 77
115011307 | 05, 07, 14, 25, 26, 27, 28, 29, 30, 41, 43, 53, 54, 61, 62, 63, 67, 69, 70, 77
115011306 | 01, 04, 09, 10, 14, 15, 16, 18, 21, 22, 37, 42, 57, 63, 64, 69, 70, 71, 74, 76
115011305 | 02, 05, 06, 07, 09, 10, 18, 23, 24, 45, 46, 47, 49, 56, 62, 63, 68, 70, 76, 80
115011304 | 02, 04, 05, 06, 09, 21, 24, 26, 29, 31, 50, 52, 53, 54, 60, 62, 63, 64, 67, 73
115011303 | 01, 02, 05, 07, 20, 24, 25, 27, 29, 35, 38, 39, 46, 48, 50, 63, 64, 67, 68, 76
115011302 | 03, 04, 08, 10, 11, 14, 24, 31, 38, 40, 45, 53, 55, 59, 61, 63, 69, 70, 71, 76
115011301 | 03, 06, 08, 09, 15, 17, 18, 22, 24, 31, 32, 36, 50, 55, 57, 61, 63, 64, 70, 78
115011300 | 06, 13, 16, 19, 24, 31, 34, 35, 36, 40, 47, 49, 50, 52, 56, 57, 59, 67, 71, 75
115011299 | 03, 04, 08, 10, 14, 15, 18, 20, 22, 23, 32, 36, 41, 42, 43, 49, 60, 71, 76, 78
115011298 | 05, 07, 08, 09, 14, 16, 21, 25, 28, 42, 44, 45, 46, 49, 50, 52, 62, 67, 68, 72
115011297 | 05, 06, 10, 15, 17, 27, 31, 42, 43, 46, 47, 52, 54, 56, 58, 59, 67, 70, 76, 80
115011296 | 03, 07, 10, 11, 15, 17, 24, 33, 34, 35, 43, 46, 57, 65, 69, 72, 73, 76, 78, 80
115011295 | 05, 11, 12, 16, 17, 18, 28, 30, 33, 35, 36, 47, 53, 55, 56, 68, 70, 71, 75, 77
115011294 | 03, 04, 06, 11, 12, 13, 15, 17, 19, 33, 35, 40, 41, 43, 45, 48, 50, 61, 68, 78
115011293 | 01, 03, 05, 10, 19, 20, 26, 34, 40, 44, 48, 51, 53, 54, 55, 57, 60, 68, 69, 73
115011292 | 03, 04, 06, 10, 11, 13, 15, 17, 27, 29, 32, 38, 42, 43, 44, 46, 52, 77, 78, 80
115011291 | 01, 02, 05, 10, 11, 12, 34, 36, 37, 39, 45, 48, 56, 58, 60, 63, 73, 77, 78, 79
115011290 | 02, 05, 07, 11, 13, 15, 17, 32, 46, 48, 49, 50, 57, 64, 66, 67, 69, 72, 73, 76
115011289 | 05, 07, 09, 11, 13, 14, 30, 32, 36, 40, 47, 54, 55, 62, 63, 64, 69, 72, 74, 77
115011288 | 03, 09, 10, 17, 22, 29, 36, 38, 40, 46, 50, 57, 59, 60, 65, 71, 76, 78, 79, 80
115011287 | 02, 04, 05, 09, 13, 14, 16, 29, 30, 31, 32, 34, 48, 50, 52, 54, 60, 67, 68, 70
115011286 | 07, 08, 09, 10, 12, 14, 24, 26, 29, 30, 32, 37, 38, 50, 52, 61, 66, 67, 68, 76
115011285 | 01, 02, 04, 06, 12, 16, 17, 25, 30, 39, 41, 58, 59, 60, 62, 66, 69, 70, 75, 80
115011284 | 01, 07, 11, 21, 32, 35, 36, 37, 38, 45, 49, 51, 52, 53, 54, 55, 57, 64, 76, 77
115011283 | 03, 06, 10, 12, 15, 18, 28, 31, 35, 39, 42, 46, 51, 52, 60, 62, 66, 69, 71, 80
115011282 | 01, 06, 09, 13, 15, 17, 20, 24, 27, 30, 31, 32, 39, 41, 42, 43, 58, 68, 69, 78
115011281 | 01, 03, 04, 05, 08, 15, 16, 25, 26, 31, 35, 36, 49, 54, 62, 68, 72, 75, 76, 79
115011280 | 03, 05, 09, 11, 12, 17, 18, 23, 25, 40, 41, 43, 44, 45, 48, 49, 54, 59, 62, 80
115011279 | 03, 04, 07, 22, 28, 30, 32, 33, 42, 44, 45, 46, 53, 56, 58, 61, 69, 70, 72, 77
115011278 | 02, 03, 06, 07, 12, 22, 24, 28, 29, 33, 37, 38, 42, 45, 46, 55, 57, 76, 77, 80
115011277 | 06, 07, 18, 20, 21, 24, 28, 29, 33, 35, 43, 45, 50, 55, 59, 62, 64, 68, 70, 74
115011276 | 08, 27, 28, 29, 30, 32, 35, 36, 39, 42, 44, 45, 50, 51, 59, 65, 66, 67, 69, 77
115011275 | 02, 07, 14, 15, 19, 22, 23, 24, 30, 32, 33, 35, 36, 37, 62, 63, 64, 66, 74, 78
115011274 | 02, 03, 04, 05, 16, 33, 34, 41, 45, 46, 47, 48, 49, 53, 62, 66, 70, 71, 75, 77
115011273 | 01, 02, 03, 04, 05, 07, 12, 21, 22, 23, 25, 36, 39, 43, 47, 48, 56, 61, 70, 80
115011272 | 01, 02, 03, 05, 06, 08, 14, 20, 26, 31, 36, 42, 44, 48, 53, 55, 65, 69, 75, 76
115011271 | 03, 09, 10, 12, 19, 22, 31, 34, 35, 37, 38, 46, 55, 56, 57, 59, 64, 68, 70, 71
115011270 | 01, 02, 05, 12, 16, 21, 22, 25, 27, 28, 30, 33, 35, 40, 42, 57, 58, 60, 61, 71
115011269 | 02, 06, 07, 12, 13, 14, 17, 38, 41, 44, 49, 56, 57, 62, 70, 72, 73, 74, 75, 80
115011268 | 02, 06, 07, 08, 10, 14, 16, 18, 20, 22, 41, 43, 44, 45, 59, 63, 68, 69, 75, 80
115011267 | 01, 04, 06, 09, 12, 23, 24, 25, 27, 28, 39, 43, 45, 52, 57, 58, 60, 63, 72, 74
115011266 | 01, 02, 07, 14, 15, 17, 18, 20, 23, 35, 38, 42, 46, 50, 55, 56, 69, 71, 73, 75
115011265 | 04, 05, 08, 14, 16, 19, 21, 26, 27, 28, 35, 36, 43, 47, 50, 51, 55, 63, 75, 79
115011264 | 03, 04, 05, 07, 11, 13, 16, 27, 31, 32, 33, 34, 42, 48, 50, 51, 54, 62, 76, 80
115011263 | 02, 03, 04, 10, 22, 29, 30, 35, 37, 46, 49, 56, 57, 58, 59, 61, 67, 70, 72, 73
115011262 | 04, 05, 07, 09, 11, 13, 26, 31, 34, 36, 41, 43, 49, 53, 59, 62, 66, 69, 75, 80
115011261 | 01, 03, 08, 10, 12, 15, 18, 21, 22, 23, 28, 30, 34, 38, 40, 43, 56, 58, 70, 71
115011260 | 02, 06, 09, 16, 21, 25, 26, 30, 31, 32, 36, 39, 49, 50, 54, 57, 59, 66, 69, 74
115011259 | 05, 06, 12, 19, 20, 24, 28, 31, 33, 36, 37, 38, 39, 59, 60, 61, 62, 66, 70, 74
115011258 | 07, 09, 13, 23, 24, 33, 38, 39, 40, 41, 42, 43, 49, 52, 56, 59, 62, 66, 68, 76
115011257 | 01, 06, 07, 19, 20, 24, 30, 37, 41, 43, 44, 45, 48, 49, 52, 64, 65, 71, 75, 79
115011256 | 01, 06, 09, 11, 19, 20, 22, 29, 34, 37, 42, 49, 56, 57, 59, 63, 65, 75, 77, 78
115011255 | 07, 13, 15, 18, 19, 23, 26, 28, 34, 48, 49, 52, 59, 66, 67, 69, 71, 72, 74, 77
115011254 | 02, 05, 10, 11, 12, 17, 27, 38, 39, 43, 46, 49, 59, 60, 64, 68, 69, 70, 71, 77
115011253 | 01, 05, 06, 12, 13, 15, 20, 21, 23, 35, 38, 39, 41, 49, 57, 58, 60, 67, 73, 76
115011252 | 04, 06, 17, 20, 21, 26, 34, 37, 38, 50, 53, 58, 59, 60, 62, 63, 65, 69, 70, 78
115011251 | 04, 05, 06, 07, 15, 19, 24, 32, 34, 42, 43, 44, 46, 48, 50, 52, 55, 58, 73, 79
115011250 | 03, 10, 17, 22, 23, 25, 28, 30, 32, 47, 48, 53, 57, 60, 63, 65, 68, 70, 77, 80
115011249 | 01, 02, 04, 05, 06, 09, 26, 27, 29, 33, 37, 38, 43, 44, 46, 54, 57, 68, 69, 74
115011248 | 03, 08, 14, 17, 19, 21, 22, 28, 29, 32, 36, 38, 44, 47, 56, 65, 67, 71, 72, 73
115011247 | 03, 06, 08, 11, 20, 22, 24, 28, 29, 33, 34, 44, 46, 50, 55, 57, 63, 72, 77, 79
115011246 | 04, 05, 11, 22, 29, 30, 32, 35, 40, 41, 49, 56, 58, 60, 62, 63, 65, 68, 74, 75
115011245 | 03, 05, 10, 11, 12, 16, 19, 23, 25, 28, 30, 33, 35, 39, 41, 49, 69, 71, 72, 80
115011244 | 07, 09, 13, 19, 20, 28, 31, 32, 35, 39, 41, 43, 45, 49, 51, 54, 60, 62, 71, 73
115011243 | 02, 07, 13, 16, 20, 35, 37, 38, 39, 40, 43, 46, 51, 53, 56, 59, 60, 65, 67, 74
115011242 | 01, 03, 04, 06, 07, 18, 21, 24, 25, 26, 29, 30, 34, 42, 44, 46, 50, 52, 56, 77
115011241 | 04, 05, 08, 10, 14, 34, 36, 39, 42, 47, 51, 53, 56, 59, 60, 61, 64, 65, 66, 74
115011240 | 03, 06, 07, 09, 13, 17, 18, 20, 24, 25, 33, 36, 38, 41, 51, 57, 65, 67, 74, 78
115011239 | 02, 03, 04, 07, 12, 16, 20, 22, 23, 26, 29, 31, 42, 43, 47, 55, 59, 63, 64, 65
115011238 | 03, 06, 08, 10, 16, 17, 18, 20, 22, 25, 31, 33, 34, 35, 43, 58, 61, 63, 64, 70
115011237 | 03, 07, 11, 12, 14, 15, 22, 27, 29, 31, 36, 40, 41, 42, 47, 49, 53, 66, 75, 76
115011236 | 03, 12, 17, 23, 24, 26, 27, 30, 32, 34, 37, 39, 45, 47, 55, 64, 65, 69, 73, 80
115011235 | 05, 07, 10, 15, 20, 25, 31, 32, 44, 45, 47, 49, 50, 53, 55, 60, 62, 64, 74, 78
115011234 | 04, 06, 16, 17, 19, 20, 22, 23, 29, 30, 31, 32, 37, 42, 44, 45, 55, 59, 61, 63
115011233 | 02, 04, 06, 09, 10, 13, 14, 18, 28, 32, 34, 36, 42, 48, 52, 56, 59, 60, 68, 71
115011232 | 02, 06, 07, 10, 13, 15, 16, 18, 19, 25, 30, 32, 45, 51, 57, 59, 61, 72, 73, 74
115011231 | 01, 05, 06, 07, 08, 10, 16, 22, 27, 28, 30, 40, 43, 47, 48, 52, 62, 63, 78, 80
115011230 | 01, 03, 04, 05, 07, 14, 21, 24, 26, 33, 35, 38, 43, 44, 46, 56, 60, 65, 70, 78
115011229 | 04, 06, 08, 16, 17, 19, 29, 31, 32, 43, 44, 50, 51, 52, 56, 58, 61, 62, 69, 71
115011228 | 03, 05, 06, 07, 14, 15, 17, 24, 42, 44, 45, 50, 53, 61, 65, 66, 69, 70, 71, 74
115011227 | 03, 04, 06, 07, 11, 13, 14, 23, 26, 33, 35, 36, 41, 49, 53, 61, 62, 72, 74, 75
115011226 | 02, 03, 05, 09, 15, 18, 19, 23, 24, 32, 38, 40, 42, 44, 46, 50, 51, 53, 62, 67
115011225 | 03, 04, 06, 09, 10, 11, 20, 22, 25, 29, 38, 39, 41, 52, 60, 65, 66, 72, 73, 77
115011224 | 01, 02, 03, 04, 06, 11, 18, 27, 31, 32, 34, 35, 36, 37, 42, 44, 45, 47, 53, 58
115011223 | 02, 06, 07, 08, 13, 16, 19, 20, 24, 28, 31, 36, 42, 47, 50, 61, 64, 65, 69, 76
115011222 | 03, 05, 10, 11, 12, 14, 18, 24, 34, 38, 39, 42, 54, 55, 62, 70, 73, 74, 76, 79
115011221 | 03, 05, 06, 11, 13, 14, 21, 23, 29, 31, 37, 38, 41, 43, 46, 47, 56, 65, 71, 74
115011220 | 02, 04, 05, 09, 13, 22, 33, 44, 45, 47, 48, 52, 55, 59, 62, 71, 72, 76, 78, 79
115011219 | 04, 06, 09, 11, 14, 16, 18, 22, 23, 28, 30, 33, 36, 38, 55, 57, 64, 67, 72, 80
115011218 | 04, 05, 06, 12, 18, 19, 25, 26, 28, 37, 40, 46, 47, 50, 59, 64, 70, 71, 74, 80
115011217 | 01, 02, 04, 08, 10, 12, 15, 16, 17, 21, 27, 56, 60, 61, 66, 71, 74, 76, 78, 79
115011216 | 03, 05, 07, 13, 14, 15, 20, 21, 22, 24, 25, 27, 28, 30, 52, 56, 66, 68, 71, 77
115011215 | 07, 13, 14, 17, 18, 21, 23, 24, 30, 39, 42, 46, 50, 51, 55, 57, 59, 66, 68, 78
115011214 | 03, 04, 08, 11, 12, 15, 23, 35, 37, 39, 40, 41, 48, 53, 57, 60, 65, 67, 72, 75
115011213 | 04, 06, 21, 23, 24, 26, 34, 40, 45, 48, 49, 50, 52, 55, 59, 62, 65, 68, 72, 73
115011212 | 05, 06, 15, 20, 22, 24, 32, 37, 41, 44, 47, 49, 51, 53, 55, 59, 61, 62, 65, 69
115011211 | 02, 03, 08, 12, 14, 16, 17, 26, 29, 33, 37, 46, 47, 48, 52, 56, 57, 61, 64, 80
115011210 | 03, 07, 11, 15, 17, 21, 33, 42, 44, 56, 60, 61, 62, 64, 67, 70, 71, 74, 76, 78
115011209 | 01, 07, 08, 09, 10, 12, 16, 17, 19, 22, 23, 28, 35, 41, 47, 50, 57, 63, 65, 79
115011208 | 03, 10, 14, 19, 24, 25, 27, 34, 36, 37, 39, 42, 49, 54, 58, 62, 66, 68, 72, 73
115011207 | 05, 07, 09, 13, 15, 18, 25, 34, 38, 43, 47, 48, 49, 55, 58, 59, 67, 71, 72, 75
115011206 | 02, 04, 06, 08, 11, 13, 16, 22, 30, 35, 36, 37, 38, 39, 41, 53, 68, 70, 77, 78
115011205 | 04, 06, 07, 10, 16, 20, 22, 34, 36, 37, 40, 44, 45, 47, 51, 52, 57, 61, 69, 78
115011204 | 02, 04, 05, 12, 18, 22, 23, 26, 29, 30, 35, 37, 38, 43, 48, 51, 52, 58, 62, 67
115011203 | 03, 09, 11, 16, 19, 28, 30, 33, 37, 46, 53, 57, 61, 63, 64, 65, 66, 67, 71, 72
115011202 | 04, 06, 16, 18, 20, 22, 24, 28, 31, 38, 41, 42, 43, 45, 52, 63, 64, 65, 74, 76
115011201 | 04, 07, 08, 11, 19, 20, 22, 25, 30, 45, 50, 51, 53, 54, 56, 59, 66, 67, 75, 80
115011200 | 01, 03, 04, 16, 22, 26, 28, 36, 47, 51, 54, 55, 60, 61, 66, 68, 69, 72, 74, 75
115011199 | 04, 07, 09, 16, 23, 26, 30, 36, 39, 43, 54, 55, 64, 67, 70, 71, 73, 74, 75, 79
115011198 | 02, 06, 12, 16, 18, 20, 28, 32, 41, 43, 44, 49, 51, 59, 64, 68, 70, 75, 77, 78
115011197 | 04, 10, 13, 16, 24, 26, 28, 29, 33, 38, 39, 41, 48, 52, 53, 57, 58, 65, 66, 79
115011196 | 04, 06, 08, 15, 17, 19, 20, 29, 32, 34, 36, 45, 49, 58, 64, 65, 66, 69, 72, 79
115011195 | 01, 03, 05, 10, 11, 16, 27, 32, 38, 40, 43, 49, 50, 56, 57, 59, 61, 71, 74, 77
115011194 | 10, 11, 15, 16, 20, 24, 26, 28, 32, 33, 38, 49, 50, 56, 57, 65, 68, 71, 75, 80
115011193 | 03, 09, 18, 19, 23, 29, 33, 35, 36, 39, 46, 48, 49, 50, 51, 59, 61, 62, 69, 79
115011192 | 02, 05, 13, 15, 17, 20, 22, 24, 26, 28, 29, 34, 36, 46, 49, 57, 60, 66, 67, 73
115011191 | 01, 02, 08, 09, 15, 17, 20, 24, 29, 32, 34, 38, 46, 49, 52, 54, 58, 69, 74, 79
115011190 | 03, 04, 06, 08, 11, 12, 17, 19, 21, 34, 35, 41, 43, 47, 55, 59, 67, 74, 77, 79
115011189 | 02, 04, 05, 08, 10, 13, 24, 27, 28, 29, 37, 44, 49, 55, 60, 65, 69, 70, 74, 75
115011188 | 04, 05, 10, 12, 14, 19, 23, 30, 34, 38, 46, 50, 57, 58, 60, 61, 72, 73, 74, 79
115011187 | 01, 05, 10, 12, 19, 23, 27, 29, 51, 53, 54, 55, 57, 61, 70, 72, 75, 76, 77, 79
115011186 | 04, 07, 11, 12, 13, 20, 21, 25, 29, 32, 48, 49, 51, 52, 53, 58, 66, 67, 68, 69
115011185 | 05, 06, 07, 08, 10, 15, 16, 19, 21, 27, 33, 36, 44, 46, 51, 53, 59, 60, 66, 68
115011184 | 05, 10, 13, 15, 16, 17, 27, 32, 41, 43, 47, 50, 62, 64, 65, 66, 71, 72, 73, 75
115011183 | 02, 06, 12, 14, 19, 22, 25, 31, 34, 36, 45, 46, 49, 50, 52, 56, 57, 58, 77, 80
115011182 | 01, 04, 05, 06, 14, 17, 18, 22, 38, 40, 46, 48, 49, 50, 57, 60, 61, 64, 66, 74
115011181 | 01, 02, 07, 08, 14, 26, 31, 36, 37, 38, 44, 46, 47, 48, 53, 56, 61, 68, 70, 75
115011180 | 01, 03, 06, 07, 08, 09, 13, 18, 19, 23, 31, 35, 38, 41, 45, 53, 54, 55, 71, 74
115011179 | 01, 05, 07, 08, 14, 15, 16, 21, 22, 23, 28, 37, 47, 55, 60, 61, 63, 64, 66, 68
115011178 | 02, 04, 07, 10, 13, 19, 27, 30, 35, 39, 41, 48, 50, 51, 53, 55, 74, 75, 78, 80
115011177 | 02, 05, 07, 09, 13, 15, 18, 22, 31, 32, 35, 36, 40, 42, 46, 56, 59, 68, 72, 76
115011176 | 05, 09, 15, 16, 24, 27, 28, 31, 33, 34, 44, 49, 51, 54, 56, 58, 65, 72, 75, 78
115011175 | 01, 04, 05, 09, 13, 24, 25, 27, 30, 31, 35, 36, 37, 39, 59, 61, 63, 67, 74, 80
115011174 | 04, 07, 08, 10, 13, 17, 23, 26, 35, 40, 41, 43, 51, 52, 62, 66, 67, 69, 72, 77
115011173 | 02, 05, 07, 08, 10, 13, 18, 22, 23, 28, 32, 38, 43, 49, 51, 59, 60, 68, 76, 80
115011172 | 03, 06, 07, 09, 10, 13, 15, 20, 23, 27, 32, 33, 34, 38, 40, 50, 59, 67, 77, 80
115011171 | 03, 04, 06, 07, 08, 12, 14, 17, 18, 19, 20, 27, 28, 38, 41, 44, 59, 70, 75, 77
115011170 | 07, 08, 10, 12, 13, 17, 19, 23, 24, 36, 39, 40, 41, 53, 58, 60, 63, 64, 75, 78
115011169 | 05, 08, 09, 18, 19, 20, 21, 23, 27, 34, 37, 38, 41, 48, 57, 59, 64, 65, 75, 80
115011168 | 04, 06, 07, 08, 10, 11, 12, 21, 26, 31, 33, 39, 46, 59, 60, 61, 64, 67, 69, 71
115011167 | 01, 02, 06, 14, 16, 24, 28, 30, 32, 38, 40, 47, 53, 54, 57, 65, 70, 71, 74, 77
115011166 | 02, 03, 08, 11, 13, 21, 29, 34, 35, 37, 42, 48, 49, 52, 53, 57, 58, 69, 70, 72
115011165 | 05, 07, 09, 11, 14, 20, 21, 32, 37, 38, 40, 46, 47, 54, 60, 61, 62, 68, 71, 80
115011164 | 05, 07, 09, 11, 14, 20, 21, 32, 37, 38, 40, 46, 47, 54, 60, 61, 62, 68, 71, 80
115011163 | 05, 09, 11, 12, 14, 15, 19, 21, 25, 26, 31, 32, 38, 46, 48, 62, 63, 71, 74, 80
115011162 | 02, 04, 07, 09, 19, 23, 27, 32, 44, 49, 51, 56, 57, 61, 62, 64, 65, 66, 78, 79
115011161 | 03, 04, 05, 07, 20, 22, 29, 44, 47, 50, 51, 52, 53, 54, 59, 62, 63, 71, 74, 80
115011160 | 02, 03, 05, 06, 07, 12, 27, 31, 32, 33, 34, 37, 39, 51, 52, 65, 66, 67, 70, 74
115011159 | 03, 04, 24, 25, 29, 32, 36, 42, 44, 45, 50, 53, 54, 64, 65, 66, 69, 71, 77, 78
115011158 | 01, 06, 07, 17, 18, 19, 21, 31, 48, 50, 51, 54, 55, 60, 64, 66, 69, 72, 79, 80
115011157 | 06, 14, 18, 20, 21, 23, 28, 30, 32, 46, 49, 54, 57, 59, 62, 67, 72, 75, 77, 78
115011156 | 05, 10, 13, 16, 17, 34, 35, 36, 42, 43, 49, 52, 53, 59, 66, 68, 72, 75, 76, 77
115011155 | 08, 10, 13, 15, 18, 20, 22, 28, 31, 39, 40, 42, 46, 49, 51, 52, 62, 68, 69, 79
115011154 | 02, 03, 07, 13, 15, 20, 28, 29, 31, 32, 33, 37, 50, 53, 55, 63, 64, 69, 75, 76
115011153 | 04, 05, 14, 19, 20, 24, 30, 35, 38, 45, 47, 48, 55, 61, 63, 65, 66, 71, 75, 80
115011152 | 03, 04, 05, 08, 17, 19, 20, 23, 24, 27, 32, 40, 42, 47, 52, 53, 69, 73, 74, 79
115011151 | 02, 05, 06, 07, 10, 16, 17, 20, 22, 24, 28, 29, 32, 46, 52, 55, 56, 65, 72, 73
115011150 | 01, 04, 09, 16, 21, 28, 32, 36, 38, 39, 41, 44, 48, 53, 59, 68, 70, 78, 79, 80
115011149 | 01, 03, 06, 13, 22, 23, 25, 27, 32, 35, 39, 41, 43, 54, 55, 56, 58, 59, 64, 69
115011148 | 01, 05, 08, 12, 25, 29, 30, 37, 41, 47, 48, 49, 52, 53, 64, 65, 68, 73, 76, 80
115011147 | 01, 02, 13, 15, 17, 22, 24, 27, 28, 31, 35, 36, 54, 60, 61, 63, 69, 72, 76, 78
115011146 | 09, 11, 14, 24, 27, 28, 31, 32, 35, 42, 44, 45, 46, 48, 56, 60, 65, 66, 67, 75
115011145 | 01, 03, 04, 08, 09, 11, 13, 16, 17, 19, 23, 27, 51, 54, 56, 57, 63, 65, 76, 79
115011144 | 05, 08, 11, 13, 14, 15, 18, 19, 23, 25, 30, 39, 40, 46, 47, 52, 57, 61, 69, 75
115011143 | 03, 04, 07, 08, 17, 18, 22, 30, 35, 37, 38, 42, 54, 58, 60, 63, 64, 68, 70, 80
115011142 | 01, 03, 04, 10, 11, 17, 20, 22, 25, 32, 33, 38, 39, 61, 63, 66, 67, 74, 75, 78
115011141 | 01, 06, 08, 09, 10, 11, 14, 15, 16, 18, 20, 25, 32, 38, 44, 49, 62, 65, 66, 71
115011140 | 01, 03, 05, 12, 27, 29, 31, 34, 37, 39, 42, 45, 46, 47, 50, 61, 65, 71, 72, 73
115011139 | 01, 05, 08, 10, 17, 27, 29, 30, 31, 33, 34, 40, 44, 45, 50, 56, 64, 66, 75, 77
115011138 | 01, 02, 06, 10, 14, 16, 17, 18, 23, 26, 29, 31, 37, 38, 45, 46, 51, 67, 74, 78
115011137 | 03, 06, 20, 22, 34, 37, 40, 41, 42, 43, 48, 49, 50, 56, 58, 59, 65, 68, 71, 76
115011136 | 01, 02, 05, 07, 15, 17, 19, 23, 24, 37, 49, 54, 55, 57, 58, 62, 75, 76, 78, 79
115011135 | 03, 04, 06, 07, 13, 20, 26, 30, 38, 40, 42, 45, 54, 58, 59, 62, 63, 65, 67, 77
115011134 | 01, 02, 05, 17, 22, 26, 28, 31, 34, 40, 46, 49, 50, 52, 55, 64, 66, 68, 70, 80
115011133 | 01, 07, 12, 14, 19, 23, 25, 26, 33, 38, 46, 47, 49, 50, 58, 64, 65, 66, 69, 71
115011132 | 02, 03, 04, 05, 09, 16, 26, 28, 41, 42, 46, 48, 51, 54, 57, 65, 69, 74, 77, 80
115011131 | 01, 03, 04, 11, 12, 13, 22, 24, 31, 36, 42, 44, 47, 53, 55, 57, 60, 64, 72, 73
115011130 | 01, 02, 07, 09, 12, 21, 23, 28, 33, 36, 37, 40, 47, 48, 53, 54, 61, 64, 73, 78
115011129 | 02, 04, 08, 11, 16, 19, 21, 26, 32, 35, 44, 47, 49, 50, 52, 58, 60, 63, 77, 80
115011128 | 01, 04, 05, 07, 09, 24, 28, 29, 37, 44, 51, 53, 54, 55, 60, 66, 67, 69, 70, 71
115011127 | 03, 10, 14, 15, 22, 28, 32, 34, 35, 37, 41, 45, 46, 47, 49, 52, 56, 70, 77, 80
115011126 | 02, 04, 07, 11, 12, 20, 25, 26, 31, 32, 40, 41, 43, 45, 53, 54, 59, 62, 70, 79
115011125 | 03, 04, 05, 08, 10, 12, 17, 18, 19, 24, 31, 44, 48, 53, 55, 56, 62, 63, 64, 75
115011124 | 02, 04, 06, 14, 17, 19, 24, 28, 30, 33, 34, 42, 44, 45, 46, 50, 56, 67, 74, 77
115011123 | 02, 05, 07, 15, 19, 24, 25, 27, 29, 32, 33, 36, 37, 45, 52, 55, 60, 61, 77, 80
115011122 | 03, 05, 10, 13, 22, 23, 27, 30, 35, 36, 48, 53, 56, 61, 63, 64, 65, 67, 68, 71
115011121 | 05, 07, 10, 12, 15, 19, 21, 28, 29, 32, 41, 42, 48, 56, 58, 60, 63, 70, 71, 76
115011120 | 02, 06, 07, 13, 16, 28, 29, 33, 37, 42, 43, 44, 51, 56, 62, 66, 70, 76, 78, 80
115011119 | 01, 03, 06, 08, 10, 11, 13, 20, 26, 29, 34, 36, 41, 58, 59, 60, 61, 64, 66, 68
115011118 | 01, 02, 04, 06, 19, 28, 32, 38, 41, 43, 44, 46, 50, 51, 53, 64, 65, 72, 73, 75
115011117 | 05, 08, 10, 13, 17, 19, 21, 25, 27, 29, 31, 32, 44, 46, 52, 57, 60, 62, 63, 79
115011116 | 01, 05, 06, 07, 12, 14, 19, 26, 30, 34, 50, 51, 52, 56, 62, 64, 68, 69, 77, 79
115011115 | 03, 12, 20, 23, 26, 29, 32, 35, 40, 41, 43, 44, 45, 48, 49, 53, 66, 67, 68, 70
115011114 | 01, 06, 09, 13, 18, 21, 27, 29, 30, 34, 39, 42, 46, 50, 52, 55, 56, 65, 72, 76
115011113 | 02, 05, 12, 14, 15, 19, 25, 30, 38, 39, 44, 48, 49, 51, 52, 56, 60, 64, 66, 72
115011112 | 03, 08, 12, 15, 23, 34, 44, 47, 48, 49, 53, 62, 64, 66, 71, 72, 73, 74, 76, 80
115011111 | 02, 04, 12, 17, 18, 22, 24, 27, 32, 38, 41, 43, 47, 51, 55, 57, 59, 63, 67, 68
115011110 | 05, 10, 11, 12, 15, 16, 18, 21, 29, 35, 45, 48, 52, 56, 58, 59, 63, 67, 77, 79
115011109 | 01, 03, 07, 12, 15, 17, 24, 27, 28, 30, 31, 36, 39, 41, 47, 51, 55, 60, 67, 80
115011108 | 05, 10, 12, 13, 17, 18, 20, 21, 22, 25, 28, 30, 35, 38, 45, 60, 62, 70, 71, 78
115011107 | 03, 06, 08, 12, 14, 16, 18, 21, 27, 33, 35, 48, 56, 60, 63, 66, 67, 75, 76, 77
115011106 | 02, 06, 07, 13, 16, 26, 27, 34, 36, 43, 48, 51, 60, 61, 63, 64, 66, 68, 71, 75
115011105 | 01, 02, 06, 10, 12, 15, 18, 20, 22, 24, 27, 37, 48, 51, 52, 53, 59, 68, 70, 73
115011104 | 02, 07, 08, 13, 14, 15, 20, 23, 28, 35, 38, 41, 48, 52, 55, 59, 67, 70, 73, 75
115011103 | 04, 06, 08, 10, 15, 17, 20, 22, 26, 32, 33, 34, 37, 45, 46, 47, 48, 52, 74, 76
115011102 | 05, 07, 17, 18, 24, 27, 28, 32, 34, 37, 40, 43, 49, 54, 59, 64, 65, 72, 75, 78
115011101 | 02, 04, 07, 10, 14, 18, 22, 25, 27, 30, 36, 47, 48, 51, 52, 64, 67, 69, 73, 79
115011100 | 01, 02, 04, 05, 06, 08, 10, 11, 13, 14, 16, 21, 38, 48, 50, 56, 63, 66, 69, 74
115011099 | 01, 02, 04, 06, 07, 16, 37, 43, 45, 50, 51, 53, 55, 61, 62, 64, 70, 71, 76, 78
115011098 | 03, 04, 08, 09, 10, 24, 27, 29, 31, 33, 41, 45, 51, 52, 59, 62, 66, 69, 73, 75
115011097 | 01, 04, 11, 20, 22, 25, 26, 27, 38, 41, 45, 47, 53, 58, 64, 65, 71, 75, 76, 79
115011096 | 03, 04, 05, 09, 10, 15, 16, 17, 35, 37, 39, 42, 50, 55, 58, 61, 64, 65, 66, 70
115011095 | 04, 06, 08, 14, 15, 16, 18, 21, 31, 33, 35, 38, 45, 52, 54, 57, 58, 60, 69, 73
115011094 | 03, 06, 10, 16, 19, 21, 26, 28, 30, 35, 38, 44, 45, 47, 55, 59, 60, 62, 67, 74
115011093 | 01, 02, 08, 12, 15, 17, 18, 23, 29, 34, 36, 47, 49, 50, 56, 57, 58, 59, 72, 80
115011092 | 02, 06, 09, 14, 20, 23, 25, 27, 29, 37, 47, 58, 59, 65, 66, 67, 68, 71, 75, 76
115011091 | 05, 06, 11, 15, 16, 34, 37, 39, 40, 42, 50, 52, 54, 65, 68, 70, 72, 73, 76, 78
115011090 | 03, 05, 16, 20, 21, 25, 27, 35, 36, 42, 43, 46, 52, 57, 59, 63, 65, 67, 74, 79
115011089 | 01, 05, 07, 08, 09, 13, 20, 24, 27, 28, 29, 30, 32, 33, 34, 39, 56, 57, 79, 80
115011088 | 05, 06, 08, 13, 20, 25, 26, 28, 29, 44, 45, 48, 49, 52, 54, 62, 65, 75, 79, 80
115011087 | 06, 07, 09, 11, 13, 29, 30, 32, 34, 35, 37, 43, 49, 54, 61, 62, 63, 64, 74, 79
115011086 | 05, 08, 11, 24, 29, 35, 40, 41, 42, 44, 49, 51, 52, 53, 56, 58, 60, 65, 72, 74
115011085 | 01, 02, 05, 06, 10, 20, 28, 29, 32, 41, 42, 43, 48, 57, 63, 65, 67, 71, 76, 80
115011084 | 05, 06, 08, 09, 12, 14, 30, 32, 34, 44, 45, 48, 55, 56, 60, 63, 71, 72, 76, 79
115011083 | 02, 04, 07, 10, 11, 14, 15, 21, 28, 35, 36, 46, 51, 52, 66, 67, 69, 71, 78, 80
115011082 | 03, 05, 13, 18, 19, 22, 28, 36, 38, 39, 40, 43, 44, 49, 53, 55, 61, 64, 79, 80
115011081 | 01, 04, 10, 15, 18, 23, 29, 35, 36, 40, 41, 45, 46, 47, 52, 62, 65, 69, 71, 80
115011080 | 02, 12, 17, 22, 25, 30, 33, 37, 44, 49, 52, 55, 57, 58, 60, 62, 64, 68, 76, 79
115011079 | 03, 04, 05, 06, 08, 29, 30, 32, 35, 41, 44, 51, 59, 62, 64, 67, 68, 75, 76, 77
115011078 | 06, 08, 09, 10, 11, 14, 22, 23, 25, 26, 30, 35, 43, 45, 52, 60, 62, 63, 67, 80
115011077 | 07, 08, 10, 15, 16, 23, 27, 28, 35, 37, 39, 44, 47, 52, 58, 62, 67, 68, 70, 77
115011076 | 07, 10, 12, 14, 19, 27, 29, 30, 32, 35, 37, 40, 42, 43, 44, 48, 49, 55, 57, 62
115011075 | 04, 07, 08, 09, 10, 16, 17, 19, 21, 32, 39, 40, 41, 42, 51, 57, 59, 69, 72, 80
115011074 | 01, 02, 03, 04, 13, 19, 21, 27, 31, 34, 46, 47, 48, 52, 59, 60, 63, 66, 71, 76
115011073 | 02, 05, 06, 10, 11, 20, 22, 24, 31, 32, 40, 44, 49, 51, 57, 63, 64, 67, 70, 80
115011072 | 04, 06, 07, 08, 10, 11, 22, 26, 29, 31, 32, 38, 40, 42, 43, 45, 53, 58, 73, 79
115011071 | 03, 06, 07, 08, 11, 15, 16, 23, 38, 44, 50, 54, 57, 58, 69, 75, 76, 78, 79, 80
115011070 | 06, 10, 12, 15, 17, 18, 20, 23, 30, 31, 32, 38, 44, 47, 52, 57, 58, 59, 61, 64
115011069 | 05, 06, 07, 16, 20, 24, 30, 31, 32, 37, 39, 42, 50, 52, 55, 61, 64, 67, 71, 72
115011068 | 03, 06, 07, 15, 16, 22, 26, 29, 30, 35, 36, 39, 44, 46, 55, 58, 60, 61, 76, 80
115011067 | 01, 02, 04, 05, 10, 13, 21, 29, 32, 34, 38, 41, 42, 45, 47, 54, 56, 58, 70, 80
115011066 | 03, 08, 11, 13, 18, 20, 22, 26, 28, 41, 48, 49, 51, 55, 63, 67, 70, 74, 75, 76
115011065 | 03, 06, 11, 17, 19, 24, 28, 31, 37, 46, 48, 51, 52, 57, 65, 67, 68, 73, 76, 78
115011064 | 01, 04, 05, 08, 15, 19, 20, 21, 22, 31, 35, 37, 40, 49, 50, 52, 53, 60, 77, 79
115011063 | 05, 08, 24, 25, 29, 33, 42, 44, 46, 49, 52, 59, 61, 63, 65, 69, 72, 74, 75, 79
115011062 | 03, 13, 14, 17, 18, 23, 27, 30, 31, 32, 43, 44, 47, 50, 51, 55, 64, 67, 70, 75
115011061 | 06, 07, 10, 13, 20, 26, 27, 33, 35, 41, 42, 46, 51, 52, 55, 57, 65, 67, 69, 79
115011060 | 04, 05, 07, 10, 13, 16, 23, 26, 27, 31, 35, 40, 43, 49, 50, 51, 54, 55, 70, 80
115011059 | 01, 02, 04, 13, 16, 20, 22, 25, 29, 30, 33, 49, 56, 62, 66, 67, 69, 72, 75, 79
115011058 | 04, 05, 06, 10, 15, 25, 28, 36, 39, 46, 48, 55, 56, 57, 58, 60, 73, 75, 76, 77
115011057 | 04, 07, 11, 14, 17, 20, 28, 37, 40, 43, 46, 47, 54, 56, 57, 67, 69, 73, 76, 80
115011056 | 06, 07, 08, 11, 15, 25, 28, 32, 34, 37, 38, 46, 50, 53, 56, 57, 59, 61, 62, 68
115011055 | 03, 05, 07, 11, 12, 13, 14, 15, 19, 21, 27, 38, 39, 44, 46, 62, 65, 66, 68, 70
115011054 | 01, 06, 07, 12, 21, 25, 27, 28, 30, 32, 34, 35, 39, 42, 50, 51, 52, 57, 63, 65
115011053 | 02, 03, 06, 08, 09, 11, 23, 26, 33, 35, 37, 40, 43, 49, 50, 56, 60, 61, 67, 68
115011052 | 05, 08, 11, 12, 15, 18, 20, 21, 26, 29, 43, 49, 52, 59, 64, 65, 66, 67, 75, 78
115011051 | 04, 05, 12, 20, 22, 23, 24, 26, 32, 33, 39, 41, 54, 55, 58, 63, 64, 70, 72, 79
115011050 | 02, 04, 05, 08, 10, 25, 27, 28, 29, 38, 41, 43, 45, 50, 54, 56, 70, 73, 74, 80
115011049 | 02, 04, 07, 14, 15, 20, 22, 24, 25, 26, 28, 41, 46, 50, 55, 57, 64, 66, 68, 73
115011048 | 01, 03, 05, 07, 08, 09, 14, 22, 23, 29, 32, 36, 39, 51, 60, 63, 66, 67, 70, 75
115011047 | 01, 02, 06, 15, 16, 21, 28, 30, 31, 35, 41, 43, 44, 45, 48, 53, 54, 57, 71, 78
115011046 | 03, 04, 05, 07, 13, 21, 27, 28, 32, 33, 34, 36, 44, 50, 51, 54, 58, 64, 65, 71
115011045 | 02, 03, 04, 06, 09, 17, 26, 38, 41, 45, 50, 53, 55, 57, 60, 62, 63, 69, 71, 75
115011044 | 03, 06, 07, 17, 20, 24, 25, 26, 31, 41, 47, 51, 55, 56, 58, 64, 65, 69, 70, 72
115011043 | 05, 08, 10, 14, 26, 31, 32, 33, 34, 35, 39, 41, 45, 48, 62, 65, 71, 76, 77, 78
115011042 | 01, 03, 05, 06, 07, 08, 14, 15, 24, 25, 30, 32, 36, 49, 51, 53, 57, 66, 77, 80
115011041 | 03, 06, 07, 09, 20, 24, 26, 31, 34, 36, 39, 42, 46, 49, 56, 59, 66, 70, 71, 73
115011040 | 04, 08, 11, 14, 18, 21, 23, 27, 30, 32, 36, 41, 46, 48, 54, 55, 56, 62, 73, 80
115011039 | 01, 02, 04, 05, 15, 17, 18, 23, 28, 34, 35, 39, 44, 45, 51, 52, 53, 65, 73, 77
115011038 | 02, 03, 05, 24, 25, 32, 33, 37, 39, 42, 46, 49, 56, 63, 66, 72, 75, 78, 79, 80
115011037 | 02, 03, 04, 08, 11, 19, 20, 35, 42, 45, 46, 47, 48, 49, 55, 56, 68, 69, 72, 77
115011036 | 02, 03, 04, 08, 11, 15, 23, 24, 25, 26, 44, 46, 47, 54, 57, 59, 63, 68, 73, 78
115011035 | 04, 07, 08, 12, 22, 23, 24, 27, 31, 33, 36, 50, 51, 56, 58, 63, 64, 67, 77, 80
115011034 | 01, 02, 05, 06, 14, 20, 24, 27, 28, 29, 32, 39, 40, 44, 47, 48, 50, 68, 71, 78
115011033 | 01, 02, 04, 06, 09, 12, 14, 37, 42, 43, 47, 48, 51, 52, 54, 56, 57, 58, 63, 65
115011032 | 01, 04, 05, 08, 16, 19, 20, 24, 29, 33, 36, 42, 43, 45, 48, 59, 63, 68, 74, 75
115011031 | 03, 04, 06, 08, 09, 10, 16, 18, 19, 20, 25, 32, 33, 36, 50, 60, 62, 65, 71, 79
115011030 | 03, 07, 10, 18, 19, 20, 22, 23, 24, 25, 26, 29, 31, 47, 49, 54, 56, 61, 65, 72
115011029 | 03, 12, 17, 19, 26, 32, 33, 38, 42, 43, 44, 45, 48, 51, 52, 55, 60, 61, 62, 73
115011028 | 03, 04, 05, 06, 07, 11, 12, 15, 19, 24, 28, 29, 34, 38, 42, 49, 63, 65, 77, 79
115011027 | 01, 02, 03, 05, 09, 12, 16, 25, 28, 29, 34, 39, 45, 50, 57, 60, 61, 62, 71, 77
115011026 | 02, 05, 07, 10, 14, 23, 25, 28, 29, 38, 42, 43, 51, 57, 58, 66, 70, 72, 74, 75
115011025 | 02, 05, 12, 16, 18, 21, 24, 25, 33, 40, 45, 47, 50, 54, 55, 59, 65, 69, 71, 79
115011024 | 03, 04, 08, 09, 11, 12, 14, 15, 18, 20, 25, 32, 33, 37, 38, 53, 74, 75, 77, 79
115011023 | 02, 04, 07, 10, 15, 18, 19, 25, 27, 33, 43, 44, 52, 54, 60, 61, 65, 68, 70, 72
115011022 | 05, 06, 07, 11, 13, 18, 19, 29, 31, 43, 45, 49, 56, 59, 67, 70, 71, 73, 76, 77
115011021 | 01, 02, 16, 20, 28, 35, 40, 44, 47, 48, 50, 53, 55, 60, 61, 64, 72, 75, 78, 79
115011020 | 07, 09, 12, 16, 24, 27, 28, 37, 38, 40, 44, 49, 53, 60, 64, 66, 68, 69, 76, 77
115011019 | 09, 14, 16, 20, 31, 34, 38, 44, 47, 53, 56, 59, 63, 66, 68, 69, 70, 77, 78, 79
115011018 | 05, 06, 08, 12, 15, 20, 24, 30, 31, 38, 39, 43, 56, 57, 58, 61, 62, 68, 72, 75
115011017 | 01, 05, 10, 12, 18, 24, 27, 28, 29, 31, 33, 36, 41, 42, 43, 54, 55, 57, 60, 79
115011016 | 06, 10, 14, 18, 20, 24, 25, 31, 32, 35, 38, 42, 46, 53, 66, 68, 72, 74, 78, 80
115011015 | 01, 02, 03, 04, 12, 15, 18, 23, 29, 30, 49, 50, 53, 54, 57, 59, 63, 75, 76, 80
115011014 | 03, 04, 05, 06, 07, 10, 23, 24, 30, 32, 35, 39, 42, 44, 47, 48, 51, 53, 61, 67
115011013 | 05, 06, 15, 18, 22, 24, 26, 27, 28, 33, 34, 39, 48, 53, 55, 60, 61, 65, 70, 73
115011012 | 03, 04, 09, 10, 13, 16, 21, 24, 28, 32, 33, 36, 40, 41, 44, 47, 55, 68, 74, 75
115011011 | 01, 04, 05, 06, 12, 13, 18, 20, 26, 28, 33, 35, 36, 37, 41, 45, 52, 66, 76, 78
115011010 | 01, 07, 12, 13, 14, 15, 18, 30, 33, 34, 35, 48, 50, 52, 57, 62, 67, 69, 72, 73
115011009 | 01, 02, 03, 04, 14, 20, 22, 23, 25, 30, 32, 36, 39, 41, 45, 58, 59, 61, 63, 70
115011008 | 03, 06, 09, 10, 12, 16, 18, 37, 40, 43, 47, 49, 54, 58, 61, 63, 64, 66, 67, 77
115011007 | 05, 07, 12, 15, 27, 30, 33, 39, 43, 45, 52, 56, 58, 59, 65, 67, 68, 69, 70, 75
115011006 | 06, 10, 11, 18, 19, 20, 23, 27, 30, 31, 34, 44, 46, 52, 53, 58, 60, 75, 76, 77
115011005 | 04, 05, 06, 07, 08, 13, 16, 17, 18, 21, 27, 30, 32, 43, 48, 51, 67, 72, 73, 75
115011004 | 01, 05, 06, 09, 10, 19, 21, 24, 26, 30, 32, 38, 39, 42, 46, 53, 56, 63, 71, 78
115011003 | 01, 05, 06, 07, 22, 23, 28, 31, 32, 34, 39, 42, 49, 55, 57, 58, 64, 69, 74, 75
115011002 | 01, 02, 04, 08, 09, 15, 20, 27, 30, 35, 44, 47, 55, 56, 61, 62, 65, 71, 72, 73
115011001 | 02, 04, 05, 10, 23, 24, 26, 31, 35, 36, 41, 48, 49, 51, 60, 68, 70, 73, 74, 80
115011000 | 03, 07, 11, 12, 13, 15, 18, 20, 29, 30, 31, 33, 36, 53, 55, 59, 62, 67, 69, 76

共 572 期。
